



226685;1
210341;1
227873;1
228036;1
228020;1
227034;1
208743;1
238680;1
240323;1
237158;1
237177;1
239988;1
240327;1
240325;1
226217;1
227362;1
227036;1
241298;1
227348;1
240599;1
240565;1
241298;1
228933;1
225583;1
225708;1
225716;1
225603;1
206816;1
225622;1
227711;1
225719;1
228936;1
227962;1
224817;1
225715;1
225603;1
240565;1
237656;1
225824;1
235672;1
237158;1
237158;1
227127;1
238713;1
237611;1
225562;1
227133;1
239003;1
238206;1
238680;1
237158;1
237158;1
237158;1
238680;1
237943;1
238206;1
240325;1
227962;1
225913;1
226685;1
227134;1
227351;1
225911;1
225591;1
227034;1
225824;1
227164;1
238713;1
238713;1
227164;1
209591;1
237158;1
237717;1
240600;1
209364;1
225714;1
239991;1
225966;1
227036;1
225913;1
226217;1
227164;1
