248319;1
248319;1
248319;1
248319;1
248319;1
248319;1
248319;1
248319;1
248319;1
248319;1
244449;1
219876;1
248319;1
248319;1
248319;1
248319;1
248319;1
248319;1
248319;1
248319;1
244449;1
248319;1
244450;1
248319;1
248319;1
248319;1
248319;1
248319;1
248319;1
248319;1
248319;1
248319;1
244451;1
248319;1
248319;1
248319;1
248319;1
248319;1
248319;1
248319;1
248319;1
248319;1
248319;1
248319;1
248319;1
248319;1
248319;1
248319;1
248319;1
248319;1
248319;1
248319;1
248319;1
248319;1
235107;1
248319;1
248319;1
248319;1
248319;1
248319;1
248319;1
231593;1
249813;1
240259;1
237210;1
249795;1
235065;1
241074;1
202034;1
245644;1
237179;1
225734;1
240257;1
235069;1
235082;1
248319;1
248319;1
248319;1
234299;1
244452;1
248319;1
244184;1
249813;1
249811;1
235368;1
235059;1
234506;1
245223;1
240269;1
249799;1
249837;1
244162;1
226942;1
249855;1
249835;1
235094;1
244173;1
218999;1
249832;1
249821;1
244159;1
245642;1
240554;1
244253;1
235101;1
249798;1
249795;1
248272;1
240268;1
240329;1
235065;1
249848;1
244737;1
226942;1
235091;1
240558;1
249837;1
249848;1
249809;1
249794;1
249802;1
248319;1
240269;1
240558;1
233637;1
248319;1
248319;1
248319;1
232710;1
235944;1
237210;1
245225;1
235067;1
240266;1
226942;1
219882;1
249863;1
249854;1
249837;1
249794;1
249805;1
234703;1
240268;1
240558;1
238050;1
227184;1
245641;1
219002;1
235089;1
210959;1
226942;1
249852;1
231253;1
202038;1
225596;1
235387;1
245785;1
234220;1
234218;1
247308;1
234481;1
231253;1
234504;1
236023;1
247290;1
236018;1
248402;1
34336;1
247308;1
248319;1
236027;1
235942;1
249806;1
249827;1
249815;1
236056;1
249835;1
249810;1
244183;1
246306;1
249534;1
249859;1
236012;1
244750;1
249831;1
234481;1
