235312;1
236903;1
226660;1
226248;1
235310;1
226658;1
236903;1
224432;1
226251;1
236903;1
236903;1
236903;1
235312;1
236903;1
236903;1
236903;1
236903;1
227185;1
236903;1
236903;1
236903;1
235310;1
236903;1
236903;1
236903;1
236903;1
235310;1
236903;1
236903;1
236903;1
236903;1
236903;1
236903;1
236903;1
236903;1
236903;1
236903;1
236903;1
236903;1
236903;1
235310;1
235310;1
236903;1
236903;1
236903;1
238852;1
238836;1
228890;1
227754;1
225696;1
224394;1
238836;1
228582;1
229108;1
227126;1
239098;1
239689;1
238361;1
211811;1
239098;1
226928;1
238214;1
239690;1
237715;1
226997;1
249503;1
238828;1
239098;1
249503;1
249502;1
249502;1
249503;1
249501;1
249501;1
249523;1
