235310;1
236903;1
227185;1
236903;1
236903;1
227185;1
238809;1
236903;1
235310;1
235310;1
235310;1
236903;1
235312;1
235312;1
236903;1
236903;1
236903;1
236903;1
236903;1
227185;1
226248;1
236903;1
236903;1
236903;1
236903;1
224240;1
249485;1
249507;1
249509;1
249513;1
249486;1
249511;1
249525;1
249483;1
249515;1
249507;1
249508;1
249486;1
249484;1
249515;1
249479;1
249485;1
249505;1
249480;1
249485;1
249506;1
249514;1
249488;1
249490;1
249509;1
249518;1
249480;1
249507;1
249491;1
249483;1
249486;1
236903;1
236903;1
236903;1
235310;1
236903;1
236903;1
236903;1
236903;1
236903;1
235310;1
236903;1
236903;1
236903;1
235310;1
236903;1
236903;1
236903;1
227185;1
236903;1
236903;1
227185;1
227185;1
235310;1
236903;1
236903;1
237787;1
238606;1
249514;1
249490;1
249509;1
249487;1
249512;1
249512;1
249484;1
249510;1
249518;1
249504;1
249491;1
249478;1
249518;1
249478;1
249479;1
249516;1
249520;1
249488;1
249513;1
249517;1
249478;1
249488;1
249479;1
