250130;1
250130;1
250130;1
250130;1
250130;1
250130;1
250130;1
250130;1
250130;1
250130;1
250130;1
250130;1
250130;1
250130;1
250130;1
250130;1
250130;1
250130;1
250130;1
250130;1
250130;1
250130;1
250130;1
250130;1
250130;1
250130;1
250130;1
250130;1
250130;1
250130;1
250130;1
250130;1
250130;1
250130;1
250130;1
250130;1
250130;1
250130;1
250130;1
250130;1
250130;1
250130;1
250130;1
250130;1
249816;1
249844;1
249840;1
249842;1
249838;1
249862;1
249792;1
249803;1
249812;1
249860;1
249849;1
249826;1
249841;1
244172;1
249831;1
249841;1
223632;1
249823;1
249844;1
249831;1
249812;1
249841;1
249838;1
249862;1
249799;1
249860;1
223632;1
249864;1
249826;1
249825;1
244172;1
249866;1
249808;1
249842;1
249833;1
249849;1
249840;1
250044;1
250045;1
250046;1
250047;1
250047;1
250045;1
250045;1
250046;1
250052;1
250041;1
250052;1
250043;1
250045;1
250040;1
250044;1
249841;1
249827;1
249816;1
249825;1
249812;1
249842;1
249850;1
244172;1
249841;1
249830;1
249792;1
249825;1
249816;1
249824;1
249825;1
250041;1
250045;1
250042;1
223518;1
249840;1
249801;1
237414;1
249833;1
249839;1
225744;1
249838;1
249842;1
249812;1
249844;1
249829;1
249862;1
249792;1
249808;1
249840;1
244158;1
249801;1
249862;1
249844;1
249839;1
250049;1
250049;1
250044;1
250050;1
250044;1
250050;1
250044;1
250044;1
250049;1
250050;1
250044;1
250049;1
250044;1
250050;1
250049;1
249830;1
249816;1
249826;1
249792;1
249827;1
249824;1
249803;1
249827;1
249864;1
249864;1
249808;1
249808;1
249864;1
249414;1
249038;1
249036;1
244251;1
249037;1
249104;1
249104;1
249105;1
249102;1
249037;1
249413;1
249104;1
249036;1
228426;1
249035;1
244252;1
244674;1
241069;1
249036;1
249035;1
230528;1
249414;1
249102;1
249036;1
230528;1
244251;1
249035;1
249413;1
245238;1
244252;1
249102;1
249038;1
230528;1
227709;1
227454;1
250130;1
249036;1
230528;1
249038;1
249413;1
244336;1
231183;1
249102;1
244251;1
249038;1
250054;1
250055;1
250053;1
250054;1
250054;1
250055;1
249847;1
249855;1
249847;1
249821;1
249805;1
249809;1
249793;1
249798;1
249834;1
249811;1
249863;1
249847;1
249851;1
249804;1
249815;1
249811;1
249855;1
249813;1
249799;1
249804;1
249817;1
249851;1
249807;1
249793;1
249857;1
249857;1
249807;1
249813;1
249794;1
249817;1
249845;1
249821;1
249793;1
249865;1
249793;1
249851;1
249805;1
249800;1
249858;1
249859;1
249859;1
249858;1
249859;1
249809;1
249863;1
249851;1
249848;1
249800;1
249817;1
249794;1
249807;1
249814;1
249797;1
249857;1
249817;1
249831;1
249854;1
249834;1
249815;1
249831;1
249845;1
249820;1
249834;1
249832;1
249811;1
249813;1
249799;1
249847;1
249795;1
249799;1
249806;1
249832;1
249834;1
244164;1
249817;1
249857;1
249793;1
249074;1
244347;1
249073;1
234913;1
249074;1
249071;1
249072;1
249070;1
249071;1
249074;1
249072;1
244351;1
249077;1
249077;1
244347;1
249077;1
244346;1
249077;1
249071;1
249070;1
249076;1
249070;1
223211;1
223211;1
196928;1
249078;1
249078;1
249077;1
249072;1
249073;1
244346;1
249075;1
249074;1
233202;1
249072;1
244347;1
249078;1
249072;1
249074;1
244349;1
244349;1
249072;1
244349;1
249078;1
244350;1
244351;1
244346;1
249071;1
249068;1
249065;1
249067;1
250131;1
249960;1
250131;1
250131;1
250133;1
249958;1
249958;1
249958;1
250131;1
249958;1
249958;1
249960;1
249960;1
249958;1
250133;1
249957;1
249955;1
249955;1
249959;1
249951;1
249954;1
249961;1
249956;1
249952;1
244391;1
244394;1
249961;1
244391;1
250134;1
249952;1
250134;1
250134;1
250132;1
249956;1
249956;1
249951;1
249951;1
249953;1
235442;1
249952;1
250132;1
249953;1
244383;1
250134;1
244396;1
249955;1
249954;1
250131;1
249953;1
249952;1
249954;1
249953;1
250132;1
249960;1
250132;1
250132;1
250132;1
249960;1
249955;1
250134;1
249953;1
250132;1
249953;1
250132;1
249954;1
227552;1
249951;1
250134;1
249951;1
249958;1
250134;1
249959;1
249952;1
249951;1
249955;1
249959;1
249955;1
249953;1
249953;1
249955;1
249953;1
249953;1
249951;1
249952;1
249959;1
249955;1
249955;1
249954;1
249960;1
250132;1
249961;1
248725;1
248726;1
248726;1
248726;1
72277;1
249598;1
248656;1
249591;1
249598;1
249962;1
249597;1
249963;1
249962;1
249598;1
249593;1
248656;1
249591;1
248655;1
249591;1
248656;1
248655;1
237027;1
248655;1
249598;1
249591;1
249597;1
249598;1
249597;1
249963;1
249598;1
249962;1
249965;1
249598;1
248655;1
248659;1
249593;1
249598;1
249962;1
249597;1
249965;1
249596;1
249962;1
249962;1
249597;1
249597;1
249963;1
249598;1
249592;1
249598;1
249597;1
249964;1
249594;1
249965;1
249594;1
194133;1
237027;1
248657;1
248657;1
249594;1
249965;1
249594;1
249594;1
248659;1
249965;1
249964;1
249597;1
249597;1
249962;1
249962;1
249598;1
249963;1
249596;1
249963;1
249965;1
249591;1
235435;1
235434;1
235436;1
235432;1
235434;1
235431;1
235434;1
235434;1
235431;1
235432;1
238164;1
235437;1
244367;1
235436;1
235436;1
235467;1
235434;1
235431;1
235434;1
244365;1
235434;1
235431;1
235434;1
244370;1
235467;1
235435;1
235434;1
235432;1
235434;1
244369;1
235467;1
235431;1
235434;1
235433;1
235433;1
235434;1
244370;1
235434;1
244365;1
235434;1
235434;1
235435;1
235431;1
235434;1
249984;1
244374;1
249984;1
249987;1
249989;1
249984;1
249994;1
249980;1
249980;1
249986;1
249978;1
249987;1
249989;1
249984;1
249988;1
249980;1
249992;1
249986;1
249985;1
249990;1
249981;1
249990;1
249985;1
249985;1
249981;1
249985;1
249990;1
249993;1
249981;1
249990;1
249981;1
249987;1
249988;1
249980;1
249984;1
249989;1
249987;1
249978;1
249992;1
249992;1
249992;1
249986;1
249988;1
249984;1
249988;1
249987;1
249984;1
249994;1
249992;1
249994;1
249988;1
249992;1
249989;1
249988;1
249984;1
249992;1
249984;1
249986;1
249989;1
249984;1
249989;1
249984;1
249978;1
249988;1
249989;1
249987;1
249987;1
249988;1
249994;1
249983;1
249986;1
245641;1
244757;1
176495;1
244756;1
244752;1
246340;1
244753;1
223684;1
244757;1
244752;1
244755;1
244757;1
244753;1
244753;1
244756;1
244754;1
244753;1
244752;1
235378;1
244755;1
223684;1
244757;1
244757;1
244755;1
197789;1
244752;1
244754;1
223681;1
244746;1
244741;1
244747;1
244739;1
235359;1
235370;1
244743;1
244733;1
244736;1
244747;1
235362;1
244736;1
244735;1
244746;1
235373;1
235382;1
235363;1
235362;1
244735;1
244743;1
235366;1
235372;1
244738;1
235370;1
244738;1
244739;1
235370;1
244749;1
235366;1
235361;1
235368;1
244739;1
244736;1
244740;1
244737;1
235361;1
235354;1
244748;1
235366;1
244733;1
244743;1
244738;1
244747;1
244739;1
235383;1
244738;1
244740;1
244746;1
244739;1
244738;1
235383;1
235370;1
244748;1
244747;1
244737;1
244743;1
219843;1
244736;1
235363;1
244739;1
235366;1
244739;1
233853;1
235358;1
235371;1
244738;1
244744;1
235370;1
244743;1
235384;1
244734;1
235354;1
244734;1
235362;1
244734;1
235359;1
244745;1
244740;1
244733;1
244739;1
244751;1
219852;1
244751;1
244734;1
235354;1
228415;1
235382;1
244748;1
244740;1
244740;1
235355;1
244738;1
244743;1
244738;1
244736;1
244736;1
235359;1
244738;1
235354;1
232088;1
244743;1
232089;1
235355;1
235366;1
244743;1
227749;1
235363;1
244739;1
244733;1
244734;1