235304;1
238970;1
238767;1
240179;1
240437;1
238875;1
223034;1
236237;1
241118;1
236158;1
241447;1
240485;1
241446;1
249631;1
235008;1
238772;1
240180;1
241116;1
234953;1
224043;1
235172;1
238139;1
241442;1
223355;1
234962;1
238139;1
241112;1
235146;1
238521;1
236243;1
234953;1
241443;1
207274;1
235161;1
241116;1
235170;1
209820;1
249632;1
249637;1
249626;1
249611;1
249611;1
249627;1
249624;1
249631;1
249613;1
249631;1
249618;1
235229;1
249611;1
235225;1
249619;1
249624;1
249618;1
249637;1
249635;1
249632;1
249637;1
249636;1
249636;1
238519;1
249632;1
249637;1
249636;1
249635;1
249631;1
249627;1
239676;1
239669;1
239669;1
239669;1
239590;1
239669;1
