231856;1
240329;1
240816;1
237261;1
233205;1
237606;1
249893;1
240329;1
233205;1
240815;1
250055;1
227183;1
217527;1
249892;1
226941;1
237261;1
217527;1
237205;1
231378;1
217527;1
249825;1
249840;1
249792;1
249829;1
249839;1
250054;1
250054;1
250055;1
250055;1
250054;1
249833;1
249828;1
249828;1
249824;1
249826;1
249812;1
249831;1
249866;1
249866;1
249824;1
249842;1
249827;1
249830;1
249841;1
249849;1
249840;1
249792;1
249860;1
249860;1
249801;1
249808;1
249808;1
249808;1
249864;1
249862;1
249866;1
249829;1
249838;1
