250050;1
250050;1
250050;1
250044;1
250051;1
250050;1
250044;1
250050;1
250050;1
250050;1
250050;1
250051;1
250049;1
250049;1
250044;1
250044;1
250044;1
250050;1
250050;1
250049;1
250052;1
250046;1
250052;1
250041;1
250045;1
250052;1
250051;1
250049;1
250049;1
250050;1
223513;1
250040;1
250046;1
250040;1
250039;1
250041;1
250045;1
250042;1
250049;1
250049;1
250044;1
250040;1
250052;1
250047;1
250045;1
250046;1
250043;1
250042;1
250039;1
250045;1
250044;1
250042;1
250045;1
250041;1
250039;1
250055;1
250054;1
250054;1
250039;1
250039;1
250046;1
250039;1
223513;1
250041;1
