237209;1
231768;1
239004;1
232741;1
241080;1
230523;1
237209;1
239005;1
227712;1
245642;1
228887;1
241080;1
241080;1
231184;1
244253;1
245642;1
245642;1
245642;1
244190;1
245641;1
245225;1
245641;1
244191;1
245223;1
241080;1
244191;1
244191;1
245642;1
244253;1
245225;1
245223;1
245223;1
245642;1
244190;1
245225;1
237209;1
245225;1
239692;1
232290;1
245223;1
245223;1
245225;1
245641;1
244253;1
244190;1
230520;1
241080;1
245641;1
232290;1
245223;1
245641;1
227712;1
244336;1
244336;1
249036;1
244674;1
230528;1
244252;1
237439;1
244252;1
244252;1
244336;1
244336;1
230528;1
244336;1
245238;1
249035;1
249414;1
249038;1
249413;1
245238;1
249414;1
249038;1
230528;1
244252;1
244674;1
249038;1
244674;1
249413;1
249038;1
249414;1
249038;1
249036;1
230528;1
228822;1
249038;1
249037;1
249035;1
244336;1
249102;1
249414;1
230528;1
249413;1
244674;1
249414;1
249414;1
249038;1
250130;1
245238;1
230528;1
249038;1
249036;1
249104;1
244336;1
249035;1
244674;1
230524;1
230528;1
231183;1
241070;1
244251;1
249104;1
249037;1
214973;1
249104;1
204950;1
249104;1
249038;1
230528;1
244336;1
244252;1
230528;1
227709;1
241076;1
249413;1
244336;1
228593;1
244251;1
244674;1
230528;1
29503;1
249036;1
249038;1
249038;1
249038;1
237174;1
249036;1
244336;1
249891;1
230528;1
227709;1
227454;1
244251;1
249414;1
244336;1
249038;1
244251;1
244674;1
249104;1
244366;1
238172;1
238165;1
238171;1
238165;1
238165;1
238164;1
238171;1
238171;1
238172;1
238165;1
238164;1
238171;1
238171;1
238171;1
240558;1
240553;1
240556;1
240557;1
240267;1
240558;1
40552;1
240553;1
240558;1
240553;1
240553;1
240552;1
240553;1
240553;1
240558;1
240558;1
235434;1
235434;1
235431;1
235434;1
235432;1
235431;1
235435;1
235434;1
235434;1
235434;1
244365;1
235434;1
235434;1
235435;1
244370;1
235436;1
235433;1
235432;1
244370;1
235436;1
235432;1
235432;1
235435;1
235435;1
235434;1
235434;1
235436;1
235431;1
235434;1
235467;1
235467;1
235433;1
235434;1
244365;1
235436;1
244368;1
235431;1
235467;1
235436;1
244365;1
235436;1
235434;1
235435;1
235432;1
244365;1
235436;1
235435;1
244370;1
235434;1
235435;1
244365;1
235435;1
244365;1
235437;1
235431;1
244370;1
235434;1
235435;1
244370;1
235435;1
235434;1
235467;1
235434;1
﻿249597;1
249963;1
249591;1
249962;1
249962;1
249598;1
249598;1
249597;1
249966;1
249597;1
249598;1
249965;1
245644;1
249963;1
249962;1
249592;1
249965;1
249598;1
248658;1
249962;1
248657;1
249965;1
249597;1
249597;1
249598;1
249592;1
249963;1
249597;1
249962;1
249598;1
249591;1
249597;1
249598;1
249963;1
249593;1
249963;1
249962;1
249598;1
249591;1
249595;1
249965;1
248659;1
249962;1
249594;1
249963;1
249965;1
249591;1
249597;1
249963;1
249598;1
249594;1
249594;1
249965;1
249594;1
249965;1
248657;1
248655;1
249594;1
248659;1
249594;1
249962;1
245644;1
248655;1
248656;1
245644;1
249598;1
249598;1
249597;1
249597;1
249597;1
249962;1
249963;1
249597;1
249595;1
249598;1
249592;1
249965;1
249595;1
249965;1
248655;1
249597;1
237027;1
248655;1
237027;1
248655;1
248657;1
248655;1
249991;1
249991;1
249991;1
249991;1
249991;1
249991;1
249991;1
249991;1
249991;1
249991;1
249991;1
249991;1
234929;1
249991;1
235255;1
249991;1
249991;1
249991;1
249991;1
249991;1
249991;1
249991;1
234928;1
249991;1
249991;1
249991;1
249991;1
249991;1
249991;1
249991;1
249979;1
249979;1
249979;1
249979;1
249979;1
249979;1
249979;1
249979;1
249979;1
249979;1
249979;1
249979;1
249979;1
249979;1
249979;1
249979;1
249979;1
249979;1
249991;1
249991;1
249991;1
249991;1
249991;1
235317;1
249991;1
234921;1
249979;1
240261;1
249979;1
249979;1
249991;1
249991;1
249979;1
249979;1
249979;1
249979;1
249979;1
249979;1
234929;1
240265;1
249979;1
249979;1
249991;1
249991;1
249991;1
249991;1
234931;1
234926;1
227468;1
249991;1
234926;1
191010;1
249988;1
249989;1
249994;1
249986;1
249984;1
249980;1
249994;1
249986;1
249983;1
249987;1
249983;1
249978;1
249978;1
249987;1
249994;1
249994;1
249992;1
249987;1
249986;1
249992;1
249989;1
249978;1
249983;1
249988;1
249987;1
249986;1
249978;1
249978;1
249992;1
249994;1
249980;1
249986;1
249989;1
249986;1
249992;1
249987;1
249986;1
249983;1
249983;1
249984;1
249980;1
249978;1
249978;1
192709;1
249994;1
249994;1
249984;1
249994;1
249983;1
249980;1
249980;1
249989;1
249994;1
249988;1
249984;1
249987;1
249987;1
249992;1
249988;1
249987;1
249978;1
249987;1
249986;1
249980;1
249980;1
249983;1
249983;1
249978;1
249988;1
249978;1
249978;1
249992;1
249988;1
249978;1
249992;1
249988;1
249984;1
249989;1
249983;1
249980;1
249987;1
249987;1
249978;1
249994;1
249988;1
249986;1
240273;1
249983;1
249983;1
249989;1
249989;1
249988;1
249992;1
249983;1
249983;1
249978;1
249986;1
249980;1
249980;1
249981;1
249981;1
249990;1
249990;1
249993;1
249993;1
249985;1
249985;1
249993;1
249993;1
249990;1
249990;1
249981;1
249981;1
249993;1
249993;1
249993;1
249990;1
249990;1
249990;1
249985;1
249985;1
249990;1
249981;1
249985;1
249985;1
249981;1
249981;1